{
	"format_version": "1.12.0",
	"minecraft:geometry": [
		{
			"description": {
				"identifier": "geometry.bonerunes3",
				"texture_width": 128,
				"texture_height": 128,
				"visible_bounds_width": 2,
				"visible_bounds_height": 1.5,
				"visible_bounds_offset": [0, 0.25, 0]
			},
			"bones": [
				{
					"name": "Bag",
					"pivot": [-8, 8, 8],
					"cubes": [
						{
							"origin": [2.73472, 0.06, -4.10577],
							"size": [4.76, 3.4, 5.44],
							"pivot": [0, 0, 0],
							"rotation": [0, 22.5, 0],
							"uv": {
								"north": {"uv": [12.032, 36.032], "uv_size": [19.936, 27.936]},
								"east": {"uv": [32.032, 24.032], "uv_size": [3.936, 7.936]},
								"south": {"uv": [0.032, 36.032], "uv_size": [19.936, 27.936]},
								"west": {"uv": [32.032, 44.032], "uv_size": [31.936, 19.936]},
								"up": {"uv": [31.968, 63.968], "uv_size": [-31.936, -27.936]},
								"down": {"uv": [31.968, 63.968], "uv_size": [-31.936, -27.936]}
							}
						},
						{
							"origin": [2.05472, 0.06, 0.99423],
							"size": [2.04, 3.74, 0.68],
							"pivot": [0, 0, 0],
							"rotation": [0, 22.5, 0],
							"uv": {
								"north": {"uv": [4.032, 32.032], "uv_size": [19.936, 11.936]},
								"east": {"uv": [32.032, 44.032], "uv_size": [3.936, 19.936]},
								"south": {"uv": [4.032, 32.032], "uv_size": [19.936, 11.936]},
								"west": {"uv": [60.032, 44.032], "uv_size": [3.936, 19.936]},
								"up": {"uv": [31.968, 43.968], "uv_size": [-3.936, -11.936]},
								"down": {"uv": [3.968, 43.968], "uv_size": [-3.936, -11.936]}
							}
						},
						{
							"origin": [2.05472, 0.06, -4.44577],
							"size": [2.04, 3.74, 0.68],
							"pivot": [0, 0, 0],
							"rotation": [0, 22.5, 0],
							"uv": {
								"north": {"uv": [4.032, 32.032], "uv_size": [19.936, 11.936]},
								"east": {"uv": [60.032, 44.032], "uv_size": [3.936, 19.936]},
								"south": {"uv": [4.032, 32.032], "uv_size": [19.936, 11.936]},
								"west": {"uv": [36.032, 44.032], "uv_size": [3.936, 19.936]},
								"up": {"uv": [3.968, 43.968], "uv_size": [-3.936, -11.936]},
								"down": {"uv": [31.968, 43.968], "uv_size": [-3.936, -11.936]}
							}
						},
						{
							"origin": [2.05472, 3.12, -3.76577],
							"size": [2.04, 0.68, 4.76],
							"pivot": [0, 0, 0],
							"rotation": [0, 22.5, 0],
							"uv": {
								"north": {"uv": [0.032, 0.032], "uv_size": [0, 0]},
								"east": {"uv": [36.032, 44.032], "uv_size": [23.936, 3.936]},
								"south": {"uv": [0.032, 0.032], "uv_size": [0, 0]},
								"west": {"uv": [40.032, 44.032], "uv_size": [19.936, 3.936]},
								"up": {"uv": [27.968, 43.968], "uv_size": [-23.936, -11.936]},
								"down": {"uv": [27.968, 43.968], "uv_size": [-23.936, -11.936]}
							}
						},
						{
							"origin": [2.05472, 0.0532, -3.76577],
							"size": [2.04, 0.68, 4.76],
							"pivot": [0, 0, 0],
							"rotation": [0, 22.5, 0],
							"uv": {
								"north": {"uv": [0.032, 0.032], "uv_size": [0, 0]},
								"east": {"uv": [36.032, 60.032], "uv_size": [23.936, 3.936]},
								"south": {"uv": [0.032, 0.032], "uv_size": [0, 0]},
								"west": {"uv": [0.032, 0.032], "uv_size": [21.936, 3.936]},
								"up": {"uv": [27.968, 43.968], "uv_size": [-23.936, -11.936]},
								"down": {"uv": [27.968, 43.968], "uv_size": [-23.936, -11.936]}
							}
						},
						{
							"origin": [0.01472, 0.0668, 1.33423],
							"size": [4.76, 0.0068, 3.4],
							"pivot": [0, 0, 0],
							"rotation": [0, 22.5, 0],
							"uv": {
								"north": {"uv": [0.032, 0.032], "uv_size": [0, 0]},
								"east": {"uv": [0.032, 0.032], "uv_size": [0, 0]},
								"south": {"uv": [0.032, 0.032], "uv_size": [0, 0]},
								"west": {"uv": [0.032, 0.032], "uv_size": [0, 0]},
								"up": {"uv": [27.968, 23.968], "uv_size": [-23.936, -19.936]},
								"down": {"uv": [27.968, 4.032], "uv_size": [-23.936, 19.936]}
							}
						}
					]
				},
				{
					"name": "Runes",
					"pivot": [-8, 8, 8],
					"cubes": [
						{
							"origin": [-3.6, 0.749, 2.06],
							"size": [1.05, 0, 0.96],
							"uv": {
								"north": {"uv": [64.032, 64.032], "uv_size": [9.936, 14.936]},
								"east": {"uv": [64.032, 64.032], "uv_size": [9.936, 14.936]},
								"south": {"uv": [64.032, 64.032], "uv_size": [9.936, 14.936]},
								"west": {"uv": [64.032, 64.032], "uv_size": [9.936, 14.936]},
								"up": {"uv": [104.968, 79.968], "uv_size": [-9.936, -14.936]},
								"down": {"uv": [0.032, 0.032], "uv_size": [0, 0]}
							}
						},
						{
							"origin": [0.72033, 0.749, 4.40509],
							"size": [0.96, 0, 1.05],
							"pivot": [0, 0, 0],
							"rotation": [0, -22.5, 0],
							"uv": {
								"north": {"uv": [64.032, 64.032], "uv_size": [9.936, 14.936]},
								"east": {"uv": [64.032, 64.032], "uv_size": [9.936, 14.936]},
								"south": {"uv": [64.032, 64.032], "uv_size": [9.936, 14.936]},
								"west": {"uv": [64.032, 64.032], "uv_size": [9.936, 14.936]},
								"up": {"uv": [93.968, 79.968], "uv_size": [-9.936, -14.936]},
								"down": {"uv": [0.032, 0.032], "uv_size": [0, 0]}
							}
						},
						{
							"origin": [-5.91786, 0.749, -2.4967],
							"size": [0.96, 0, 1.15],
							"pivot": [0, 0, 0],
							"rotation": [0, 22.5, 0],
							"uv": {
								"north": {"uv": [64.032, 64.032], "uv_size": [9.936, 14.936]},
								"east": {"uv": [64.032, 64.032], "uv_size": [9.936, 14.936]},
								"south": {"uv": [64.032, 64.032], "uv_size": [9.936, 14.936]},
								"west": {"uv": [64.032, 64.032], "uv_size": [9.936, 14.936]},
								"up": {"uv": [84.968, 95.968], "uv_size": [-9.936, -14.936]},
								"down": {"uv": [0.032, 0.032], "uv_size": [0, 0]}
							}
						},
						{
							"origin": [-6.93007, 0.572, 2.44765],
							"size": [0.86, 0, 0.9],
							"pivot": [0, 0, 0],
							"rotation": [0, -45, 0],
							"uv": {
								"north": {"uv": [64.032, 64.032], "uv_size": [9.936, 14.936]},
								"east": {"uv": [64.032, 64.032], "uv_size": [9.936, 14.936]},
								"south": {"uv": [64.032, 64.032], "uv_size": [9.936, 14.936]},
								"west": {"uv": [64.032, 64.032], "uv_size": [9.936, 14.936]},
								"up": {"uv": [73.968, 78.968], "uv_size": [-9.936, -14.936]},
								"down": {"uv": [0.032, 0.032], "uv_size": [0, 0]}
							}
						},
						{
							"origin": [-2.79363, 0.5, -6.48337],
							"size": [0.76, 0, 1.05],
							"uv": {
								"north": {"uv": [64.032, 64.032], "uv_size": [9.936, 14.936]},
								"east": {"uv": [64.032, 64.032], "uv_size": [9.936, 14.936]},
								"south": {"uv": [64.032, 64.032], "uv_size": [9.936, 14.936]},
								"west": {"uv": [64.032, 64.032], "uv_size": [9.936, 14.936]},
								"up": {"uv": [115.968, 78.968], "uv_size": [-9.936, -14.936]},
								"down": {"uv": [0.032, 0.032], "uv_size": [0, 0]}
							}
						}
					]
				},
				{
					"name": "Coin",
					"pivot": [-8, 8, 8],
					"cubes": [
						{
							"origin": [-1.7, -0.02, -1.34],
							"size": [1.34, 0.67, 1.34],
							"uv": {
								"north": {"uv": [72.032, 8.032], "uv_size": [47.936, 47.936]},
								"east": {"uv": [72.032, 8.032], "uv_size": [47.936, 47.936]},
								"south": {"uv": [72.032, 8.032], "uv_size": [47.936, 47.936]},
								"west": {"uv": [72.032, 8.032], "uv_size": [47.936, 47.936]},
								"up": {"uv": [55.968, 119.968], "uv_size": [-47.936, -47.936]},
								"down": {"uv": [119.968, 55.968], "uv_size": [-47.936, -47.936]}
							}
						},
						{
							"origin": [-2.035, -0.02, -1.34],
							"size": [0.335, 0.67, 1.34],
							"uv": {
								"north": {"uv": [0.032, 64.032], "uv_size": [20.936, 9.936]},
								"east": {"uv": [0.032, 64.032], "uv_size": [63.936, 11.936]},
								"south": {"uv": [0.032, 64.032], "uv_size": [20.936, 9.936]},
								"west": {"uv": [0.032, 0.032], "uv_size": [0.936, 0.468]},
								"up": {"uv": [48.968, 75.968], "uv_size": [-48.936, -11.936]},
								"down": {"uv": [48.968, 75.968], "uv_size": [-48.936, -11.936]}
							}
						},
						{
							"origin": [-0.36, -0.02, -1.34],
							"size": [0.335, 0.67, 1.34],
							"uv": {
								"north": {"uv": [0.032, 64.032], "uv_size": [20.936, 9.936]},
								"east": {"uv": [0.032, 0.032], "uv_size": [0.936, 0.468]},
								"south": {"uv": [0.032, 64.032], "uv_size": [20.936, 9.936]},
								"west": {"uv": [0.032, 64.032], "uv_size": [63.936, 11.936]},
								"up": {"uv": [48.968, 75.968], "uv_size": [-48.936, -11.936]},
								"down": {"uv": [48.968, 75.968], "uv_size": [-48.936, -11.936]}
							}
						},
						{
							"origin": [-1.7, -0.02, -1.675],
							"size": [1.34, 0.67, 0.335],
							"uv": {
								"north": {"uv": [0.032, 64.032], "uv_size": [63.936, 11.936]},
								"east": {"uv": [0.032, 64.032], "uv_size": [20.936, 9.936]},
								"south": {"uv": [0.032, 0.032], "uv_size": [0.936, 0.468]},
								"west": {"uv": [0.032, 64.032], "uv_size": [20.936, 9.936]},
								"up": {"uv": [48.968, 75.968], "uv_size": [-48.936, -11.936]},
								"down": {"uv": [48.968, 75.968], "uv_size": [-48.936, -11.936]}
							}
						},
						{
							"origin": [-1.7, -0.02, 0],
							"size": [1.34, 0.67, 0.335],
							"uv": {
								"north": {"uv": [64.032, 0.032], "uv_size": [3.936, 1.936]},
								"east": {"uv": [0.032, 64.032], "uv_size": [20.936, 9.936]},
								"south": {"uv": [0.032, 64.032], "uv_size": [63.936, 11.936]},
								"west": {"uv": [0.032, 64.032], "uv_size": [20.936, 9.936]},
								"up": {"uv": [48.968, 75.968], "uv_size": [-48.936, -11.936]},
								"down": {"uv": [48.968, 75.968], "uv_size": [-48.936, -11.936]}
							}
						}
					]
				},
				{
					"name": "Coin7",
					"pivot": [-8, 8, 8],
					"cubes": [
						{
							"origin": [-2.894, -0.0764, -6.4988],
							"size": [1.0988, 0.5494, 1.0988],
							"uv": {
								"north": {"uv": [72.032, 8.032], "uv_size": [47.936, 47.936]},
								"east": {"uv": [72.032, 8.032], "uv_size": [47.936, 47.936]},
								"south": {"uv": [72.032, 8.032], "uv_size": [47.936, 47.936]},
								"west": {"uv": [72.032, 8.032], "uv_size": [47.936, 47.936]},
								"up": {"uv": [119.968, 55.968], "uv_size": [-47.936, -47.936]},
								"down": {"uv": [119.968, 55.968], "uv_size": [-47.936, -47.936]}
							}
						},
						{
							"origin": [-3.1687, -0.0764, -6.4988],
							"size": [0.2747, 0.5494, 1.0988],
							"uv": {
								"north": {"uv": [0.032, 64.032], "uv_size": [20.936, 9.936]},
								"east": {"uv": [0.032, 64.032], "uv_size": [63.936, 11.936]},
								"south": {"uv": [0.032, 64.032], "uv_size": [20.936, 9.936]},
								"west": {"uv": [0.032, 0.032], "uv_size": [0.936, 0.468]},
								"up": {"uv": [48.968, 75.968], "uv_size": [-48.936, -11.936]},
								"down": {"uv": [48.968, 75.968], "uv_size": [-48.936, -11.936]}
							}
						},
						{
							"origin": [-1.7952, -0.0764, -6.4988],
							"size": [0.2747, 0.5494, 1.0988],
							"uv": {
								"north": {"uv": [0.032, 64.032], "uv_size": [20.936, 9.936]},
								"east": {"uv": [0.032, 0.032], "uv_size": [0.936, 0.468]},
								"south": {"uv": [0.032, 64.032], "uv_size": [20.936, 9.936]},
								"west": {"uv": [0.032, 64.032], "uv_size": [63.936, 11.936]},
								"up": {"uv": [48.968, 75.968], "uv_size": [-48.936, -11.936]},
								"down": {"uv": [48.968, 75.968], "uv_size": [-48.936, -11.936]}
							}
						},
						{
							"origin": [-2.894, -0.0764, -6.7735],
							"size": [1.0988, 0.5494, 0.2747],
							"uv": {
								"north": {"uv": [0.032, 64.032], "uv_size": [63.936, 11.936]},
								"east": {"uv": [0.032, 64.032], "uv_size": [20.936, 9.936]},
								"south": {"uv": [0.032, 0.032], "uv_size": [0.936, 0.468]},
								"west": {"uv": [0.032, 64.032], "uv_size": [20.936, 9.936]},
								"up": {"uv": [48.968, 75.968], "uv_size": [-48.936, -11.936]},
								"down": {"uv": [48.968, 75.968], "uv_size": [-48.936, -11.936]}
							}
						},
						{
							"origin": [-2.894, -0.0764, -5.4],
							"size": [1.0988, 0.5494, 0.2747],
							"uv": {
								"north": {"uv": [64.032, 0.032], "uv_size": [3.936, 1.936]},
								"east": {"uv": [0.032, 64.032], "uv_size": [20.936, 9.936]},
								"south": {"uv": [0.032, 64.032], "uv_size": [63.936, 11.936]},
								"west": {"uv": [0.032, 64.032], "uv_size": [20.936, 9.936]},
								"up": {"uv": [48.968, 75.968], "uv_size": [-48.936, -11.936]},
								"down": {"uv": [48.968, 75.968], "uv_size": [-48.936, -11.936]}
							}
						}
					]
				},
				{
					"name": "Coin8",
					"pivot": [-8, 8, 8],
					"cubes": [
						{
							"origin": [-6.96887, -0.0764, 2.34765],
							"size": [1.0988, 0.5494, 1.0988],
							"pivot": [0, 0, 0],
							"rotation": [0, -45, 0],
							"uv": {
								"north": {"uv": [72.032, 8.032], "uv_size": [47.936, 47.936]},
								"east": {"uv": [72.032, 8.032], "uv_size": [47.936, 47.936]},
								"south": {"uv": [72.032, 8.032], "uv_size": [47.936, 47.936]},
								"west": {"uv": [72.032, 8.032], "uv_size": [47.936, 47.936]},
								"up": {"uv": [119.968, 55.968], "uv_size": [-47.936, -47.936]},
								"down": {"uv": [119.968, 55.968], "uv_size": [-47.936, -47.936]}
							}
						},
						{
							"origin": [-7.24357, -0.0764, 2.34765],
							"size": [0.2747, 0.5494, 1.0988],
							"pivot": [0, 0, 0],
							"rotation": [0, -45, 0],
							"uv": {
								"north": {"uv": [0.032, 64.032], "uv_size": [20.936, 9.936]},
								"east": {"uv": [0.032, 64.032], "uv_size": [63.936, 11.936]},
								"south": {"uv": [0.032, 64.032], "uv_size": [20.936, 9.936]},
								"west": {"uv": [0.032, 0.032], "uv_size": [0.936, 0.468]},
								"up": {"uv": [48.968, 75.968], "uv_size": [-48.936, -11.936]},
								"down": {"uv": [48.968, 75.968], "uv_size": [-48.936, -11.936]}
							}
						},
						{
							"origin": [-5.87007, -0.0764, 2.34765],
							"size": [0.2747, 0.5494, 1.0988],
							"pivot": [0, 0, 0],
							"rotation": [0, -45, 0],
							"uv": {
								"north": {"uv": [0.032, 64.032], "uv_size": [20.936, 9.936]},
								"east": {"uv": [0.032, 0.032], "uv_size": [0.936, 0.468]},
								"south": {"uv": [0.032, 64.032], "uv_size": [20.936, 9.936]},
								"west": {"uv": [0.032, 64.032], "uv_size": [63.936, 11.936]},
								"up": {"uv": [48.968, 75.968], "uv_size": [-48.936, -11.936]},
								"down": {"uv": [48.968, 75.968], "uv_size": [-48.936, -11.936]}
							}
						},
						{
							"origin": [-6.96887, -0.0764, 2.07295],
							"size": [1.0988, 0.5494, 0.2747],
							"pivot": [0, 0, 0],
							"rotation": [0, -45, 0],
							"uv": {
								"north": {"uv": [0.032, 64.032], "uv_size": [63.936, 11.936]},
								"east": {"uv": [0.032, 64.032], "uv_size": [20.936, 9.936]},
								"south": {"uv": [0.032, 0.032], "uv_size": [0.936, 0.468]},
								"west": {"uv": [0.032, 64.032], "uv_size": [20.936, 9.936]},
								"up": {"uv": [48.968, 75.968], "uv_size": [-48.936, -11.936]},
								"down": {"uv": [48.968, 75.968], "uv_size": [-48.936, -11.936]}
							}
						},
						{
							"origin": [-6.96887, -0.0764, 3.44645],
							"size": [1.0988, 0.5494, 0.2747],
							"pivot": [0, 0, 0],
							"rotation": [0, -45, 0],
							"uv": {
								"north": {"uv": [64.032, 0.032], "uv_size": [3.936, 1.936]},
								"east": {"uv": [0.032, 64.032], "uv_size": [20.936, 9.936]},
								"south": {"uv": [0.032, 64.032], "uv_size": [63.936, 11.936]},
								"west": {"uv": [0.032, 64.032], "uv_size": [20.936, 9.936]},
								"up": {"uv": [48.968, 75.968], "uv_size": [-48.936, -11.936]},
								"down": {"uv": [48.968, 75.968], "uv_size": [-48.936, -11.936]}
							}
						}
					]
				},
				{
					"name": "Coin9",
					"pivot": [-8, 8, 8],
					"cubes": [
						{
							"origin": [-2.76887, -0.0764, 6.14765],
							"size": [1.0988, 0.5494, 1.0988],
							"pivot": [0, 0, 0],
							"rotation": [0, -45, 0],
							"uv": {
								"north": {"uv": [72.032, 8.032], "uv_size": [47.936, 47.936]},
								"east": {"uv": [72.032, 8.032], "uv_size": [47.936, 47.936]},
								"south": {"uv": [72.032, 8.032], "uv_size": [47.936, 47.936]},
								"west": {"uv": [72.032, 8.032], "uv_size": [47.936, 47.936]},
								"up": {"uv": [55.968, 119.968], "uv_size": [-47.936, -47.936]},
								"down": {"uv": [119.968, 55.968], "uv_size": [-47.936, -47.936]}
							}
						},
						{
							"origin": [-3.04357, -0.0764, 6.14765],
							"size": [0.2747, 0.5494, 1.0988],
							"pivot": [0, 0, 0],
							"rotation": [0, -45, 0],
							"uv": {
								"north": {"uv": [0.032, 64.032], "uv_size": [20.936, 9.936]},
								"east": {"uv": [0.032, 64.032], "uv_size": [63.936, 11.936]},
								"south": {"uv": [0.032, 64.032], "uv_size": [20.936, 9.936]},
								"west": {"uv": [0.032, 0.032], "uv_size": [0.936, 0.468]},
								"up": {"uv": [48.968, 75.968], "uv_size": [-48.936, -11.936]},
								"down": {"uv": [48.968, 75.968], "uv_size": [-48.936, -11.936]}
							}
						},
						{
							"origin": [-1.67007, -0.0764, 6.14765],
							"size": [0.2747, 0.5494, 1.0988],
							"pivot": [0, 0, 0],
							"rotation": [0, -45, 0],
							"uv": {
								"north": {"uv": [0.032, 64.032], "uv_size": [20.936, 9.936]},
								"east": {"uv": [0.032, 0.032], "uv_size": [0.936, 0.468]},
								"south": {"uv": [0.032, 64.032], "uv_size": [20.936, 9.936]},
								"west": {"uv": [0.032, 64.032], "uv_size": [63.936, 11.936]},
								"up": {"uv": [48.968, 75.968], "uv_size": [-48.936, -11.936]},
								"down": {"uv": [48.968, 75.968], "uv_size": [-48.936, -11.936]}
							}
						},
						{
							"origin": [-2.76887, -0.0764, 5.87295],
							"size": [1.0988, 0.5494, 0.2747],
							"pivot": [0, 0, 0],
							"rotation": [0, -45, 0],
							"uv": {
								"north": {"uv": [0.032, 64.032], "uv_size": [63.936, 11.936]},
								"east": {"uv": [0.032, 64.032], "uv_size": [20.936, 9.936]},
								"south": {"uv": [0.032, 0.032], "uv_size": [0.936, 0.468]},
								"west": {"uv": [0.032, 64.032], "uv_size": [20.936, 9.936]},
								"up": {"uv": [48.968, 75.968], "uv_size": [-48.936, -11.936]},
								"down": {"uv": [48.968, 75.968], "uv_size": [-48.936, -11.936]}
							}
						},
						{
							"origin": [-2.76887, -0.0764, 7.24645],
							"size": [1.0988, 0.5494, 0.2747],
							"pivot": [0, 0, 0],
							"rotation": [0, -45, 0],
							"uv": {
								"north": {"uv": [64.032, 0.032], "uv_size": [3.936, 1.936]},
								"east": {"uv": [0.032, 64.032], "uv_size": [20.936, 9.936]},
								"south": {"uv": [0.032, 64.032], "uv_size": [63.936, 11.936]},
								"west": {"uv": [0.032, 64.032], "uv_size": [20.936, 9.936]},
								"up": {"uv": [48.968, 75.968], "uv_size": [-48.936, -11.936]},
								"down": {"uv": [48.968, 75.968], "uv_size": [-48.936, -11.936]}
							}
						}
					]
				},
				{
					"name": "Coin4",
					"pivot": [-8, 8, 8],
					"cubes": [
						{
							"origin": [-3.7, -0.02, 1.86],
							"size": [1.34, 0.67, 1.34],
							"uv": {
								"north": {"uv": [72.032, 8.032], "uv_size": [47.936, 47.936]},
								"east": {"uv": [72.032, 8.032], "uv_size": [47.936, 47.936]},
								"south": {"uv": [72.032, 8.032], "uv_size": [47.936, 47.936]},
								"west": {"uv": [72.032, 8.032], "uv_size": [47.936, 47.936]},
								"up": {"uv": [119.968, 55.968], "uv_size": [-47.936, -47.936]},
								"down": {"uv": [119.968, 55.968], "uv_size": [-47.936, -47.936]}
							}
						},
						{
							"origin": [-4.035, -0.02, 1.86],
							"size": [0.335, 0.67, 1.34],
							"uv": {
								"north": {"uv": [0.032, 64.032], "uv_size": [20.936, 9.936]},
								"east": {"uv": [0.032, 64.032], "uv_size": [63.936, 11.936]},
								"south": {"uv": [0.032, 64.032], "uv_size": [20.936, 9.936]},
								"west": {"uv": [0.032, 0.032], "uv_size": [0.936, 0.468]},
								"up": {"uv": [48.968, 75.968], "uv_size": [-48.936, -11.936]},
								"down": {"uv": [48.968, 75.968], "uv_size": [-48.936, -11.936]}
							}
						},
						{
							"origin": [-2.36, -0.02, 1.86],
							"size": [0.335, 0.67, 1.34],
							"uv": {
								"north": {"uv": [0.032, 64.032], "uv_size": [20.936, 9.936]},
								"east": {"uv": [0.032, 0.032], "uv_size": [0.936, 0.468]},
								"south": {"uv": [0.032, 64.032], "uv_size": [20.936, 9.936]},
								"west": {"uv": [0.032, 64.032], "uv_size": [63.936, 11.936]},
								"up": {"uv": [48.968, 75.968], "uv_size": [-48.936, -11.936]},
								"down": {"uv": [48.968, 75.968], "uv_size": [-48.936, -11.936]}
							}
						},
						{
							"origin": [-3.7, -0.02, 1.525],
							"size": [1.34, 0.67, 0.335],
							"uv": {
								"north": {"uv": [0.032, 64.032], "uv_size": [63.936, 11.936]},
								"east": {"uv": [0.032, 64.032], "uv_size": [20.936, 9.936]},
								"south": {"uv": [0.032, 0.032], "uv_size": [0.936, 0.468]},
								"west": {"uv": [0.032, 64.032], "uv_size": [20.936, 9.936]},
								"up": {"uv": [48.968, 75.968], "uv_size": [-48.936, -11.936]},
								"down": {"uv": [48.968, 75.968], "uv_size": [-48.936, -11.936]}
							}
						},
						{
							"origin": [-3.7, -0.02, 3.2],
							"size": [1.34, 0.67, 0.335],
							"uv": {
								"north": {"uv": [64.032, 0.032], "uv_size": [3.936, 1.936]},
								"east": {"uv": [0.032, 64.032], "uv_size": [20.936, 9.936]},
								"south": {"uv": [0.032, 64.032], "uv_size": [63.936, 11.936]},
								"west": {"uv": [0.032, 64.032], "uv_size": [20.936, 9.936]},
								"up": {"uv": [48.968, 75.968], "uv_size": [-48.936, -11.936]},
								"down": {"uv": [48.968, 75.968], "uv_size": [-48.936, -11.936]}
							}
						}
					]
				},
				{
					"name": "Coin5",
					"pivot": [-8, 8, 8],
					"cubes": [
						{
							"origin": [0.64032, -0.02, 4.20509],
							"size": [1.34, 0.67, 1.34],
							"pivot": [0, 0, 0],
							"rotation": [0, -22.5, 0],
							"uv": {
								"north": {"uv": [72.032, 8.032], "uv_size": [47.936, 47.936]},
								"east": {"uv": [72.032, 8.032], "uv_size": [47.936, 47.936]},
								"south": {"uv": [72.032, 8.032], "uv_size": [47.936, 47.936]},
								"west": {"uv": [72.032, 8.032], "uv_size": [47.936, 47.936]},
								"up": {"uv": [119.968, 55.968], "uv_size": [-47.936, -47.936]},
								"down": {"uv": [119.968, 55.968], "uv_size": [-47.936, -47.936]}
							}
						},
						{
							"origin": [0.30532, -0.02, 4.20509],
							"size": [0.335, 0.67, 1.34],
							"pivot": [0, 0, 0],
							"rotation": [0, -22.5, 0],
							"uv": {
								"north": {"uv": [0.032, 64.032], "uv_size": [20.936, 9.936]},
								"east": {"uv": [0.032, 64.032], "uv_size": [63.936, 11.936]},
								"south": {"uv": [0.032, 64.032], "uv_size": [20.936, 9.936]},
								"west": {"uv": [0.032, 0.032], "uv_size": [0.936, 0.468]},
								"up": {"uv": [48.968, 75.968], "uv_size": [-48.936, -11.936]},
								"down": {"uv": [48.968, 75.968], "uv_size": [-48.936, -11.936]}
							}
						},
						{
							"origin": [1.98032, -0.02, 4.20509],
							"size": [0.335, 0.67, 1.34],
							"pivot": [0, 0, 0],
							"rotation": [0, -22.5, 0],
							"uv": {
								"north": {"uv": [0.032, 64.032], "uv_size": [20.936, 9.936]},
								"east": {"uv": [0.032, 0.032], "uv_size": [0.936, 0.468]},
								"south": {"uv": [0.032, 64.032], "uv_size": [20.936, 9.936]},
								"west": {"uv": [0.032, 64.032], "uv_size": [63.936, 11.936]},
								"up": {"uv": [48.968, 75.968], "uv_size": [-48.936, -11.936]},
								"down": {"uv": [48.968, 75.968], "uv_size": [-48.936, -11.936]}
							}
						},
						{
							"origin": [0.64032, -0.02, 3.87009],
							"size": [1.34, 0.67, 0.335],
							"pivot": [0, 0, 0],
							"rotation": [0, -22.5, 0],
							"uv": {
								"north": {"uv": [0.032, 64.032], "uv_size": [63.936, 11.936]},
								"east": {"uv": [0.032, 64.032], "uv_size": [20.936, 9.936]},
								"south": {"uv": [0.032, 0.032], "uv_size": [0.936, 0.468]},
								"west": {"uv": [0.032, 64.032], "uv_size": [20.936, 9.936]},
								"up": {"uv": [48.968, 75.968], "uv_size": [-48.936, -11.936]},
								"down": {"uv": [48.968, 75.968], "uv_size": [-48.936, -11.936]}
							}
						},
						{
							"origin": [0.64032, -0.02, 5.54509],
							"size": [1.34, 0.67, 0.335],
							"pivot": [0, 0, 0],
							"rotation": [0, -22.5, 0],
							"uv": {
								"north": {"uv": [64.032, 0.032], "uv_size": [3.936, 1.936]},
								"east": {"uv": [0.032, 64.032], "uv_size": [20.936, 9.936]},
								"south": {"uv": [0.032, 64.032], "uv_size": [63.936, 11.936]},
								"west": {"uv": [0.032, 64.032], "uv_size": [20.936, 9.936]},
								"up": {"uv": [48.968, 75.968], "uv_size": [-48.936, -11.936]},
								"down": {"uv": [48.968, 75.968], "uv_size": [-48.936, -11.936]}
							}
						}
					]
				},
				{
					"name": "Coin2",
					"pivot": [-8, 8, 8],
					"cubes": [
						{
							"origin": [-5.77318, -0.02, -2.53523],
							"size": [1.34, 0.67, 1.34],
							"pivot": [0, 0, 0],
							"rotation": [0, -22.5, 0],
							"uv": {
								"north": {"uv": [72.032, 8.032], "uv_size": [47.936, 47.936]},
								"east": {"uv": [72.032, 8.032], "uv_size": [47.936, 47.936]},
								"south": {"uv": [72.032, 8.032], "uv_size": [47.936, 47.936]},
								"west": {"uv": [72.032, 8.032], "uv_size": [47.936, 47.936]},
								"up": {"uv": [55.968, 119.968], "uv_size": [-47.936, -47.936]},
								"down": {"uv": [119.968, 55.968], "uv_size": [-47.936, -47.936]}
							}
						},
						{
							"origin": [-6.10818, -0.02, -2.53523],
							"size": [0.335, 0.67, 1.34],
							"pivot": [0, 0, 0],
							"rotation": [0, -22.5, 0],
							"uv": {
								"north": {"uv": [0.032, 64.032], "uv_size": [20.936, 9.936]},
								"east": {"uv": [0.032, 64.032], "uv_size": [63.936, 11.936]},
								"south": {"uv": [0.032, 64.032], "uv_size": [20.936, 9.936]},
								"west": {"uv": [0.032, 0.032], "uv_size": [0.936, 0.468]},
								"up": {"uv": [48.968, 75.968], "uv_size": [-48.936, -11.936]},
								"down": {"uv": [48.968, 75.968], "uv_size": [-48.936, -11.936]}
							}
						},
						{
							"origin": [-4.43318, -0.02, -2.53523],
							"size": [0.335, 0.67, 1.34],
							"pivot": [0, 0, 0],
							"rotation": [0, -22.5, 0],
							"uv": {
								"north": {"uv": [0.032, 64.032], "uv_size": [20.936, 9.936]},
								"east": {"uv": [0.032, 0.032], "uv_size": [0.936, 0.468]},
								"south": {"uv": [0.032, 64.032], "uv_size": [20.936, 9.936]},
								"west": {"uv": [0.032, 64.032], "uv_size": [63.936, 11.936]},
								"up": {"uv": [48.968, 75.968], "uv_size": [-48.936, -11.936]},
								"down": {"uv": [48.968, 75.968], "uv_size": [-48.936, -11.936]}
							}
						},
						{
							"origin": [-5.77318, -0.02, -2.87023],
							"size": [1.34, 0.67, 0.335],
							"pivot": [0, 0, 0],
							"rotation": [0, -22.5, 0],
							"uv": {
								"north": {"uv": [0.032, 64.032], "uv_size": [63.936, 11.936]},
								"east": {"uv": [0.032, 64.032], "uv_size": [20.936, 9.936]},
								"south": {"uv": [0.032, 0.032], "uv_size": [0.936, 0.468]},
								"west": {"uv": [0.032, 64.032], "uv_size": [20.936, 9.936]},
								"up": {"uv": [48.968, 75.968], "uv_size": [-48.936, -11.936]},
								"down": {"uv": [48.968, 75.968], "uv_size": [-48.936, -11.936]}
							}
						},
						{
							"origin": [-5.77318, -0.02, -1.19523],
							"size": [1.34, 0.67, 0.335],
							"pivot": [0, 0, 0],
							"rotation": [0, -22.5, 0],
							"uv": {
								"north": {"uv": [64.032, 0.032], "uv_size": [3.936, 1.936]},
								"east": {"uv": [0.032, 64.032], "uv_size": [20.936, 9.936]},
								"south": {"uv": [0.032, 64.032], "uv_size": [63.936, 11.936]},
								"west": {"uv": [0.032, 64.032], "uv_size": [20.936, 9.936]},
								"up": {"uv": [48.968, 75.968], "uv_size": [-48.936, -11.936]},
								"down": {"uv": [48.968, 75.968], "uv_size": [-48.936, -11.936]}
							}
						}
					]
				},
				{
					"name": "Coin3",
					"pivot": [-8, 8, 8],
					"cubes": [
						{
							"origin": [-6.01786, -0.02, -2.5967],
							"size": [1.34, 0.67, 1.34],
							"pivot": [0, 0, 0],
							"rotation": [0, 22.5, 0],
							"uv": {
								"north": {"uv": [72.032, 8.032], "uv_size": [47.936, 47.936]},
								"east": {"uv": [72.032, 8.032], "uv_size": [47.936, 47.936]},
								"south": {"uv": [72.032, 8.032], "uv_size": [47.936, 47.936]},
								"west": {"uv": [72.032, 8.032], "uv_size": [47.936, 47.936]},
								"up": {"uv": [119.968, 55.968], "uv_size": [-47.936, -47.936]},
								"down": {"uv": [119.968, 55.968], "uv_size": [-47.936, -47.936]}
							}
						},
						{
							"origin": [-6.35286, -0.02, -2.5967],
							"size": [0.335, 0.67, 1.34],
							"pivot": [0, 0, 0],
							"rotation": [0, 22.5, 0],
							"uv": {
								"north": {"uv": [0.032, 64.032], "uv_size": [20.936, 9.936]},
								"east": {"uv": [0.032, 64.032], "uv_size": [63.936, 11.936]},
								"south": {"uv": [0.032, 64.032], "uv_size": [20.936, 9.936]},
								"west": {"uv": [0.032, 0.032], "uv_size": [0.936, 0.468]},
								"up": {"uv": [48.968, 75.968], "uv_size": [-48.936, -11.936]},
								"down": {"uv": [48.968, 75.968], "uv_size": [-48.936, -11.936]}
							}
						},
						{
							"origin": [-4.67786, -0.02, -2.5967],
							"size": [0.335, 0.67, 1.34],
							"pivot": [0, 0, 0],
							"rotation": [0, 22.5, 0],
							"uv": {
								"north": {"uv": [0.032, 64.032], "uv_size": [20.936, 9.936]},
								"east": {"uv": [0.032, 0.032], "uv_size": [0.936, 0.468]},
								"south": {"uv": [0.032, 64.032], "uv_size": [20.936, 9.936]},
								"west": {"uv": [0.032, 64.032], "uv_size": [63.936, 11.936]},
								"up": {"uv": [48.968, 75.968], "uv_size": [-48.936, -11.936]},
								"down": {"uv": [48.968, 75.968], "uv_size": [-48.936, -11.936]}
							}
						},
						{
							"origin": [-6.01786, -0.02, -2.9317],
							"size": [1.34, 0.67, 0.335],
							"pivot": [0, 0, 0],
							"rotation": [0, 22.5, 0],
							"uv": {
								"north": {"uv": [0.032, 64.032], "uv_size": [63.936, 11.936]},
								"east": {"uv": [0.032, 64.032], "uv_size": [20.936, 9.936]},
								"south": {"uv": [0.032, 0.032], "uv_size": [0.936, 0.468]},
								"west": {"uv": [0.032, 64.032], "uv_size": [20.936, 9.936]},
								"up": {"uv": [48.968, 75.968], "uv_size": [-48.936, -11.936]},
								"down": {"uv": [48.968, 75.968], "uv_size": [-48.936, -11.936]}
							}
						},
						{
							"origin": [-6.01786, -0.02, -1.2567],
							"size": [1.34, 0.67, 0.335],
							"pivot": [0, 0, 0],
							"rotation": [0, 22.5, 0],
							"uv": {
								"north": {"uv": [64.032, 0.032], "uv_size": [3.936, 1.936]},
								"east": {"uv": [0.032, 64.032], "uv_size": [20.936, 9.936]},
								"south": {"uv": [0.032, 64.032], "uv_size": [63.936, 11.936]},
								"west": {"uv": [0.032, 64.032], "uv_size": [20.936, 9.936]},
								"up": {"uv": [48.968, 75.968], "uv_size": [-48.936, -11.936]},
								"down": {"uv": [48.968, 75.968], "uv_size": [-48.936, -11.936]}
							}
						}
					]
				},
				{
					"name": "Coin6",
					"pivot": [-8, 8, 8],
					"cubes": [
						{
							"origin": [-7.51786, -0.02, 2.6533],
							"size": [1.34, 0.67, 1.34],
							"pivot": [0, 0, 0],
							"rotation": [0, 22.5, 0],
							"uv": {
								"north": {"uv": [72.032, 8.032], "uv_size": [47.936, 47.936]},
								"east": {"uv": [72.032, 8.032], "uv_size": [47.936, 47.936]},
								"south": {"uv": [72.032, 8.032], "uv_size": [47.936, 47.936]},
								"west": {"uv": [72.032, 8.032], "uv_size": [47.936, 47.936]},
								"up": {"uv": [55.968, 119.968], "uv_size": [-47.936, -47.936]},
								"down": {"uv": [119.968, 55.968], "uv_size": [-47.936, -47.936]}
							}
						},
						{
							"origin": [-7.85286, -0.02, 2.6533],
							"size": [0.335, 0.67, 1.34],
							"pivot": [0, 0, 0],
							"rotation": [0, 22.5, 0],
							"uv": {
								"north": {"uv": [0.032, 64.032], "uv_size": [20.936, 9.936]},
								"east": {"uv": [0.032, 64.032], "uv_size": [63.936, 11.936]},
								"south": {"uv": [0.032, 64.032], "uv_size": [20.936, 9.936]},
								"west": {"uv": [0.032, 0.032], "uv_size": [0.936, 0.468]},
								"up": {"uv": [48.968, 75.968], "uv_size": [-48.936, -11.936]},
								"down": {"uv": [48.968, 75.968], "uv_size": [-48.936, -11.936]}
							}
						},
						{
							"origin": [-6.17786, -0.02, 2.6533],
							"size": [0.335, 0.67, 1.34],
							"pivot": [0, 0, 0],
							"rotation": [0, 22.5, 0],
							"uv": {
								"north": {"uv": [0.032, 64.032], "uv_size": [20.936, 9.936]},
								"east": {"uv": [0.032, 0.032], "uv_size": [0.936, 0.468]},
								"south": {"uv": [0.032, 64.032], "uv_size": [20.936, 9.936]},
								"west": {"uv": [0.032, 64.032], "uv_size": [63.936, 11.936]},
								"up": {"uv": [48.968, 75.968], "uv_size": [-48.936, -11.936]},
								"down": {"uv": [48.968, 75.968], "uv_size": [-48.936, -11.936]}
							}
						},
						{
							"origin": [-7.51786, -0.02, 2.3183],
							"size": [1.34, 0.67, 0.335],
							"pivot": [0, 0, 0],
							"rotation": [0, 22.5, 0],
							"uv": {
								"north": {"uv": [0.032, 64.032], "uv_size": [63.936, 11.936]},
								"east": {"uv": [0.032, 64.032], "uv_size": [20.936, 9.936]},
								"south": {"uv": [0.032, 0.032], "uv_size": [0.936, 0.468]},
								"west": {"uv": [0.032, 64.032], "uv_size": [20.936, 9.936]},
								"up": {"uv": [48.968, 75.968], "uv_size": [-48.936, -11.936]},
								"down": {"uv": [48.968, 75.968], "uv_size": [-48.936, -11.936]}
							}
						},
						{
							"origin": [-7.51786, -0.02, 3.9933],
							"size": [1.34, 0.67, 0.335],
							"pivot": [0, 0, 0],
							"rotation": [0, 22.5, 0],
							"uv": {
								"north": {"uv": [64.032, 0.032], "uv_size": [3.936, 1.936]},
								"east": {"uv": [0.032, 64.032], "uv_size": [20.936, 9.936]},
								"south": {"uv": [0.032, 64.032], "uv_size": [63.936, 11.936]},
								"west": {"uv": [0.032, 64.032], "uv_size": [20.936, 9.936]},
								"up": {"uv": [48.968, 75.968], "uv_size": [-48.936, -11.936]},
								"down": {"uv": [48.968, 75.968], "uv_size": [-48.936, -11.936]}
							}
						}
					]
				}
			]
		}
	]
}