{
	"format_version": "1.12.0",
	"minecraft:geometry": [
		{
			"description": {
				"identifier": "geometry.fairy",
				"texture_width": 60,
				"texture_height": 33,
				"visible_bounds_width": 3,
				"visible_bounds_height": 2.5,
				"visible_bounds_offset": [0, 0.75, 0]
			},
			"bones": [
				{
					"name": "G1",
					"pivot": [-8, 8, 8]
				},
				{
					"name": "SF1",
					"parent": "G1",
					"pivot": [-6.5, 8, -1.5],
					"cubes": [
						{
							"origin": [-7.42135, 8.4, -3.78418],
							"size": [2.04, 2.04, 3.4],
							"pivot": [-6.40135, 9.692, -1.23518],
							"rotation": [0, -45, 0],
							"uv": {
								"north": {"uv": [0.1, 0.1], "uv_size": [11.8, 11.8]},
								"east": {"uv": [12.1, 0.1], "uv_size": [19.8, 11.8]},
								"south": {"uv": [0.1, 0.1], "uv_size": [11.8, 11.8]},
								"west": {"uv": [12.1, 0.1], "uv_size": [19.8, 11.8]},
								"up": {"uv": [31.9, 11.9], "uv_size": [-19.8, -11.8]},
								"down": {"uv": [31.9, 11.9], "uv_size": [-19.8, -11.8]}
							}
						},
						{
							"origin": [-7.42135, 7.72, -3.10418],
							"size": [2.04, 3.4, 2.04],
							"pivot": [-6.40135, 9.692, -1.23518],
							"rotation": [0, -45, 0],
							"uv": {
								"north": {"uv": [12.1, 0.1], "uv_size": [19.8, 11.8]},
								"east": {"uv": [12.1, 0.1], "uv_size": [19.8, 11.8]},
								"south": {"uv": [12.1, 0.1], "uv_size": [19.8, 11.8]},
								"west": {"uv": [12.1, 0.1], "uv_size": [19.8, 11.8]},
								"up": {"uv": [11.9, 11.9], "uv_size": [-11.8, -11.8]},
								"down": {"uv": [11.9, 11.9], "uv_size": [-11.8, -11.8]}
							}
						},
						{
							"origin": [-8.10135, 8.4, -3.10418],
							"size": [3.4, 2.04, 2.04],
							"pivot": [-6.40135, 9.692, -1.23518],
							"rotation": [0, -45, 0],
							"uv": {
								"north": {"uv": [12.1, 0.1], "uv_size": [19.8, 11.8]},
								"east": {"uv": [0.1, 0.1], "uv_size": [11.8, 11.8]},
								"south": {"uv": [12.1, 0.1], "uv_size": [19.8, 11.8]},
								"west": {"uv": [0.1, 0.1], "uv_size": [11.8, 11.8]},
								"up": {"uv": [31.9, 11.9], "uv_size": [-19.8, -11.8]},
								"down": {"uv": [31.9, 11.9], "uv_size": [-19.8, -11.8]}
							}
						}
					]
				},
				{
					"name": "Wings2",
					"parent": "SF1",
					"pivot": [-0.5, 8, 11]
				},
				{
					"name": "L1",
					"parent": "Wings2",
					"pivot": [-5.53135, 10.372, -2.04518],
					"cubes": [
						{
							"origin": [-11.88955, 9.08, -2.47888],
							"size": [5.44, 3.74, 0],
							"pivot": [-5.43551, 10.95, -2.07887],
							"rotation": [0, 22.5, 0],
							"uv": {
								"north": {"uv": [1, 12], "uv_size": [29, 21]},
								"east": {"uv": [59.9, 12.1], "uv_size": [-28.8, 20.8]},
								"south": {"uv": [59.9, 12.1], "uv_size": [-28.8, 20.8]},
								"west": {"uv": [59.9, 12.1], "uv_size": [-28.8, 20.8]},
								"up": {"uv": [31.1, 32.9], "uv_size": [28.8, -20.8]},
								"down": {"uv": [31.1, 32.9], "uv_size": [28.8, -20.8]}
							}
						}
					]
				},
				{
					"name": "R1",
					"parent": "Wings2",
					"pivot": [-5.5313, 10.372, -2.0452],
					"cubes": [
						{
							"origin": [-5.2165, 9.08, -1.12284],
							"size": [0, 3.74, 5.44],
							"pivot": [-5.78551, 10.95, -1.72887],
							"rotation": [0, -22.5, 0],
							"uv": {
								"north": {"uv": [1.1, 12.1], "uv_size": [28.8, 20.8]},
								"east": {"uv": [59.9, 12.1], "uv_size": [-28.8, 20.8]},
								"south": {"uv": [59.9, 12.1], "uv_size": [-28.8, 20.8]},
								"west": {"uv": [59.9, 12.1], "uv_size": [-28.8, 20.8]},
								"up": {"uv": [31.1, 32.9], "uv_size": [28.8, -20.8]},
								"down": {"uv": [31.1, 32.9], "uv_size": [28.8, -20.8]}
							}
						}
					]
				},
				{
					"name": "BF1",
					"parent": "G1",
					"pivot": [5.5, 8, 1.5],
					"cubes": [
						{
							"origin": [3.85865, 11, -0.98418],
							"size": [3, 3, 5],
							"pivot": [5.35865, 12.9, 2.76435],
							"rotation": [0, 22.5, 0],
							"uv": {
								"north": {"uv": [0.1, 0.1], "uv_size": [11.8, 11.8]},
								"east": {"uv": [12.1, 0.1], "uv_size": [19.8, 11.8]},
								"south": {"uv": [0.1, 0.1], "uv_size": [11.8, 11.8]},
								"west": {"uv": [12.1, 0.1], "uv_size": [19.8, 11.8]},
								"up": {"uv": [31.9, 11.9], "uv_size": [-19.8, -11.8]},
								"down": {"uv": [31.9, 11.9], "uv_size": [-19.8, -11.8]}
							}
						},
						{
							"origin": [3.85865, 10, 0.01582],
							"size": [3, 5, 3],
							"pivot": [5.35865, 12.9, 2.76435],
							"rotation": [0, 22.5, 0],
							"uv": {
								"north": {"uv": [12.1, 0.1], "uv_size": [19.8, 11.8]},
								"east": {"uv": [12.1, 0.1], "uv_size": [19.8, 11.8]},
								"south": {"uv": [12.1, 0.1], "uv_size": [19.8, 11.8]},
								"west": {"uv": [12.1, 0.1], "uv_size": [19.8, 11.8]},
								"up": {"uv": [11.9, 11.9], "uv_size": [-11.8, -11.8]},
								"down": {"uv": [11.9, 11.9], "uv_size": [-11.8, -11.8]}
							}
						},
						{
							"origin": [2.85865, 11, 0.01582],
							"size": [5, 3, 3],
							"pivot": [5.35865, 12.9, 2.76435],
							"rotation": [0, 22.5, 0],
							"uv": {
								"north": {"uv": [12.1, 0.1], "uv_size": [19.8, 11.8]},
								"east": {"uv": [0.1, 0.1], "uv_size": [11.8, 11.8]},
								"south": {"uv": [12.1, 0.1], "uv_size": [19.8, 11.8]},
								"west": {"uv": [0.1, 0.1], "uv_size": [11.8, 11.8]},
								"up": {"uv": [31.9, 11.9], "uv_size": [-19.8, -11.8]},
								"down": {"uv": [31.9, 11.9], "uv_size": [-19.8, -11.8]}
							}
						}
					]
				},
				{
					"name": "Wings",
					"parent": "BF1",
					"pivot": [-5.5, 8, 8]
				},
				{
					"name": "L2",
					"parent": "Wings",
					"pivot": [4.55865, 13.9, 1.36435],
					"cubes": [
						{
							"origin": [4.62746, 12, 2.3119],
							"size": [0, 5.5, 8],
							"pivot": [4.76405, 14.75, 1.48696],
							"rotation": [0, -22.5, 0],
							"uv": {
								"north": {"uv": [1.1, 12.1], "uv_size": [28.8, 20.8]},
								"east": {"uv": [59.9, 12.1], "uv_size": [-28.8, 20.8]},
								"south": {"uv": [59.9, 12.1], "uv_size": [-28.8, 20.8]},
								"west": {"uv": [59.9, 12.1], "uv_size": [-28.8, 20.8]},
								"up": {"uv": [31.1, 32.9], "uv_size": [28.8, -20.8]},
								"down": {"uv": [31.1, 32.9], "uv_size": [28.8, -20.8]}
							}
						}
					]
				},
				{
					"name": "R2",
					"parent": "Wings",
					"pivot": [4.5587, 13.9, 1.3643],
					"cubes": [
						{
							"origin": [5.50644, 12, 1.24859],
							"size": [8, 5.5, 0],
							"pivot": [4.76405, 14.75, 1.48696],
							"rotation": [0, -22.5, 0],
							"uv": {
								"north": {"uv": [1.1, 12.1], "uv_size": [28.8, 20.8]},
								"east": {"uv": [59.9, 12.1], "uv_size": [-28.8, 20.8]},
								"south": {"uv": [59.9, 12.1], "uv_size": [-28.8, 20.8]},
								"west": {"uv": [59.9, 12.1], "uv_size": [-28.8, 20.8]},
								"up": {"uv": [31.1, 32.9], "uv_size": [28.8, -20.8]},
								"down": {"uv": [31.1, 32.9], "uv_size": [28.8, -20.8]}
							}
						}
					]
				}
			]
		}
	]
}